
QUAD Descriptive statistics
=======================================================
Statistic           N     Mean   St. Dev. Min    Max   
-------------------------------------------------------
IonXpress_RNA_045 18,464 1,014.0 18,472.0  0  1,666,940
IonXpress_RNA_046 18,464  992.0  15,705.0  0  1,109,870
IonXpress_RNA_059 18,464  891.0  15,592.0  0  1,066,150
IonXpress_RNA_060 18,464 1,010.0 19,224.0  0  1,709,080
IonXpress_RNA_061 18,464 1,011.0 16,986.0  0  1,270,810
IonXpress_RNA_062 18,464  959.0  14,759.0  0   788,137 
IonXpress_RNA_063 18,464 1,052.0 17,112.0  0  1,198,510
IonXpress_RNA_064 18,464 1,173.0 18,611.0  0  1,358,210
IonXpress_RNA_47  18,464  952.0  16,491.0  0  1,208,780
IonXpress_RNA_48  18,464 1,000.0 16,573.0  0  1,237,440
IonXpress_RNA_49  18,464  938.0  15,359.0  0  1,114,310
IonXpress_RNA_50  18,464 1,096.0 16,997.0  0  1,129,160
IonXpress_RNA_51  18,464  938.0  15,762.0  0  1,179,960
IonXpress_RNA_52  18,464  849.0  13,353.0  0  1,028,780
IonXpress_RNA_53  18,464  990.0  15,388.0  0  1,022,380
IonXpress_RNA_54  18,464  883.0  14,787.0  0  1,049,510
IonXpress_RNA_55  18,464 1,350.0 23,230.0  0  1,725,240
IonXpress_RNA_56  18,464 1,033.0 17,245.0  0  1,281,270
IonXpress_RNA_57  18,464 1,003.0 19,042.0  0  1,583,020
IonXpress_RNA_58  18,464  993.0  16,394.0  0  1,198,470
-------------------------------------------------------
