
Descriptive statistics
=======================================================
Statistic           N     Mean   St. Dev. Min    Max   
-------------------------------------------------------
IonXpress_RNA_026 20,546 1,136.0 10,271.0  0   759,414 
IonXpress_RNA_027 20,546  899.0  7,661.0   0   481,821 
IonXpress_RNA_028 20,546  830.0  5,172.0   0   433,831 
IonXpress_RNA_029 20,546 1,030.0 6,593.0   0   414,986 
IonXpress_RNA_030 20,546 1,019.0 8,952.0   0   579,504 
IonXpress_RNA_031 20,546  931.0  5,996.0   0   388,145 
IonXpress_RNA_032 20,546  896.0  5,487.0   0   356,727 
IonXpress_RNA_033 20,546  872.0  5,876.0   0   438,052 
IonXpress_RNA_034 20,546  942.0  7,084.0   0   510,524 
IonXpress_RNA_035 20,546  911.0  6,085.0   0   412,945 
IonXpress_RNA_036 20,546  805.0  3,573.0   0   251,213 
IonXpress_RNA_037 20,546  874.0  5,610.0   0   321,656 
IonXpress_RNA_038 20,546  772.0  5,969.0   0   533,584 
IonXpress_RNA_039 20,546  815.0  5,629.0   0   389,594 
IonXpress_RNA_040 20,546  870.0  12,815.0  0  1,453,430
IonXpress_RNA_041 20,546  834.0  7,162.0   0   541,135 
IonXpress_RNA_042 20,546  937.0  7,696.0   0   476,103 
IonXpress_RNA_043 20,546  847.0  5,822.0   0   384,315 
IonXpress_RNA_044 20,546  860.0  5,520.0   0   374,466 
-------------------------------------------------------
